"X"
1461.5
1463.5
1465.5
1467.5
1469.5
1471.5
1473.5
1475.5
1477.5
1479.5
1481.5
1483.5
1485.5
1487.5
1489.5
1491.5
1493.5
1495.5
1497.5
1499.5
1501.5
1503.5
1505.5
1507.5
1509.5
1511.5
1513.5
1515.5
1517.5
1519.5
1521.5
1523.5
1525.5
1527.5
1529.5
1531.5
1533.5
1535.5
1537.5
1539.5
1541.5
1543.5
1545.5
1547.5
1549.5
1551.5
1553.5
1555.5
1557.5
1559.5
1561.5
1563.5
1565.5
1567.5
1569.5
1571.5
1573.5
1575.5
1577.5
1579.5
1581.5
1583.5
1585.5
1587.5
1589.5
1591.5
1593.5
1595.5
1597.5
1599.5
1601.5
1603.5
1605.5
1607.5
1609.5
1611.5
1613.5
1615.5
1617.5
1619.5
1621.5
1623.5
1625.5
1627.5
1629.5
1631.5
1633.5
1635.5
1637.5
1639.5
1641.5
1643.5
1645.5
1647.5
1649.5
1651.5
1653.5
1655.5
1657.5
1659.5
1661.5
1663.5
1665.5
1667.5
1669.5
1671.5
1673.5
1675.5
1677.5
1679.5
1681.5
1683.5
1685.5
1687.5
1689.5
1691.5
1693.5
1695.5
1697.5
1699.5
1701.5
1703.5
1705.5
1707.5
1709.5
1711.5
1713.5
1715.5
1717.5
1719.5
1721.5
1723.5
1725.5
1727.5
1729.5
1731.5
1733.5
1735.5
1737.5
1739.5
1741.5
1743.5
1745.5
1747.5
1749.5
1751.5
1753.5
1755.5
1757.5
1759.5
1761.5
1763.5
1765.5
1767.5
1769.5
1771.5
1773.5
1775.5
1777.5
1779.5
1781.5
1783.5
1785.5
1787.5
1789.5
1791.5
1793.5
1795.5
1797.5
1799.5
1801.5
1803.5
1805.5
1807.5
1809.5
1811.5
1813.5
1815.5
1817.5
1819.5
1821.5
1823.5
1825.5
1827.5
1829.5
1831.5
1833.5
1835.5
1837.5
1839.5
1841.5
1843.5
1845.5
1847.5
1849.5
1851.5
1853.5
1855.5
1857.5
1859.5
1861.5
1863.5
1865.5
1867.5
1869.5
1871.5
1873.5
1875.5
1877.5
1879.5
1881.5
1883.5
1885.5
1887.5
1889.5
1891.5
1893.5
1895.5
1897.5
1899.5
1901.5
1903.5
1905.5
1907.5
1909.5
1911.5
1913.5
1915.5
1917.5
1919.5
1921.5
1923.5
1925.5
1927.5
1929.5
1931.5
1933.5
1935.5
1937.5
1939.5
1941.5
1943.5
1945.5
1947.5
1949.5
1951.5
1953.5
1955.5
1957.5
1959.5
1961.5
1963.5
1965.5
1967.5
1969.5
1971.5
1973.5
1975.5
1977.5
1979.5
1981.5
1983.5
1985.5
1987.5
1989.5
1991.5
1993.5
1995.5
1997.5
1999.5
2001.5
2003.5
2005.5
2007.5
2009.5
2011.5
2013.5
2015.5
2017.5
2019.5
2021.5
2023.5
2025.5
2027.5
2029.5
2031.5
2033.5
2035.5
2037.5
2039.5
2041.5
2043.5
2045.5
2047.5
2049.5
2051.5
2053.5
2055.5
2057.5
2059.5
2061.5
2063.5
2065.5
2067.5
2069.5
2071.5
2073.5
2075.5
2077.5
2079.5
2081.5
2083.5
2085.5
2087.5
2089.5
2091.5
2093.5
2095.5
2097.5
2099.5
2101.5
2103.5
2105.5
2107.5
2109.5
2111.5
2113.5
2115.5
2117.5
2119.5
2121.5
2123.5
2125.5
2127.5
2129.5
2131.5
2133.5
2135.5
2137.5
2139.5
2141.5
2143.5
2145.5
2147.5
2149.5
2151.5
2153.5
2155.5
2157.5
2159.5
2161.5
2163.5
2165.5
2167.5
2169.5
2171.5
2173.5
2175.5
2177.5
2179.5
2181.5
2183.5
2185.5
2187.5
2189.5
2191.5
2193.5
2195.5
2197.5
2199.5
2201.5
2203.5
2205.5
2207.5
2209.5
2211.5
2213.5
2215.5
2217.5
2219.5
2221.5
2223.5
2225.5
2227.5
2229.5
2231.5
2233.5
2235.5
2237.5
2239.5
2241.5
2243.5
2245.5
2247.5
2249.5
2251.5
2253.5
2255.5
2257.5
2259.5
2261.5
2263.5
2265.5
2267.5
2269.5
2271.5
2273.5
2275.5
2277.5
2279.5
2281.5
2283.5
2285.5
2287.5
2289.5
2291.5
2293.5
2295.5
2297.5
2299.5
2301.5
2303.5
2305.5
2307.5
2309.5
2311.5
2313.5
2315.5
2317.5
2319.5
2321.5
2323.5
2325.5
2327.5
2329.5
2331.5
2333.5
2335.5
2337.5
2339.5
2341.5
2343.5
2345.5
2347.5
2349.5
2351.5
2353.5
2355.5
2357.5
2359.5
2361.5
2363.5
2365.5
2367.5
2369.5
2371.5
2373.5
2375.5
2377.5
2379.5
2381.5
2383.5
2385.5
2387.5
2389.5
2391.5
2393.5
2395.5
2397.5
2399.5
2401.5
2403.5
2405.5
2407.5
2409.5
2411.5
2413.5
2415.5
2417.5
2419.5
2421.5
2423.5
2425.5
2427.5
2429.5
2431.5
2433.5
2435.5
2437.5
2439.5
2441.5
2443.5
2445.5
2447.5
2449.5
2451.5
2453.5
2455.5
2457.5
2459.5
2461.5
2463.5
