"Y"
1239.2
1241.2
1243.2
1245.2
1247.2
1249.2
1251.2
1253.2
1255.2
1257.2
1259.2
1261.2
1263.2
1265.2
1267.2
1269.2
1271.2
1273.2
1275.2
1277.2
1279.2
1281.2
1283.2
1285.2
1287.2
1289.2
1291.2
1293.2
1295.2
1297.2
1299.2
1301.2
1303.2
1305.2
1307.2
1309.2
1311.2
1313.2
1315.2
1317.2
1319.2
1321.2
1323.2
1325.2
1327.2
1329.2
1331.2
1333.2
1335.2
1337.2
1339.2
1341.2
1343.2
1345.2
1347.2
1349.2
1351.2
1353.2
1355.2
1357.2
1359.2
1361.2
1363.2
1365.2
1367.2
1369.2
1371.2
1373.2
1375.2
1377.2
1379.2
1381.2
1383.2
1385.2
1387.2
1389.2
1391.2
1393.2
1395.2
1397.2
1399.2
1401.2
1403.2
1405.2
1407.2
1409.2
1411.2
1413.2
1415.2
1417.2
1419.2
1421.2
1423.2
1425.2
1427.2
1429.2
1431.2
1433.2
1435.2
1437.2
1439.2
1441.2
1443.2
1445.2
1447.2
1449.2
1451.2
1453.2
1455.2
1457.2
1459.2
1461.2
1463.2
1465.2
1467.2
1469.2
1471.2
1473.2
1475.2
1477.2
1479.2
1481.2
1483.2
1485.2
1487.2
1489.2
1491.2
1493.2
1495.2
1497.2
1499.2
1501.2
1503.2
1505.2
1507.2
1509.2
1511.2
1513.2
1515.2
1517.2
1519.2
1521.2
1523.2
1525.2
1527.2
1529.2
1531.2
1533.2
1535.2
1537.2
1539.2
1541.2
1543.2
1545.2
1547.2
1549.2
1551.2
1553.2
1555.2
1557.2
1559.2
1561.2
1563.2
1565.2
1567.2
1569.2
1571.2
1573.2
1575.2
1577.2
1579.2
1581.2
1583.2
1585.2
1587.2
1589.2
1591.2
1593.2
1595.2
1597.2
1599.2
1601.2
1603.2
1605.2
1607.2
1609.2
1611.2
1613.2
1615.2
1617.2
1619.2
1621.2
1623.2
1625.2
1627.2
1629.2
1631.2
1633.2
1635.2
1637.2
1639.2
1641.2
1643.2
1645.2
1647.2
1649.2
1651.2
1653.2
1655.2
1657.2
1659.2
1661.2
1663.2
1665.2
1667.2
1669.2
1671.2
1673.2
1675.2
1677.2
1679.2
1681.2
1683.2
1685.2
1687.2
1689.2
1691.2
1693.2
1695.2
1697.2
1699.2
1701.2
1703.2
1705.2
1707.2
1709.2
1711.2
1713.2
1715.2
1717.2
1719.2
1721.2
1723.2
1725.2
1727.2
1729.2
1731.2
1733.2
1735.2
1737.2
1739.2
1741.2
1743.2
1745.2
1747.2
1749.2
1751.2
1753.2
1755.2
1757.2
1759.2
1761.2
1763.2
1765.2
1767.2
1769.2
1771.2
1773.2
1775.2
1777.2
1779.2
1781.2
1783.2
1785.2
1787.2
1789.2
1791.2
1793.2
1795.2
1797.2
1799.2
1801.2
1803.2
1805.2
1807.2
1809.2
1811.2
1813.2
1815.2
1817.2
1819.2
1821.2
1823.2
1825.2
1827.2
1829.2
1831.2
1833.2
1835.2
1837.2
1839.2
1841.2
1843.2
1845.2
1847.2
1849.2
1851.2
1853.2
1855.2
1857.2
1859.2
1861.2
1863.2
1865.2
1867.2
1869.2
1871.2
1873.2
1875.2
1877.2
1879.2
1881.2
1883.2
1885.2
1887.2
1889.2
1891.2
1893.2
1895.2
1897.2
1899.2
1901.2
1903.2
1905.2
1907.2
1909.2
1911.2
1913.2
1915.2
1917.2
1919.2
1921.2
1923.2
1925.2
1927.2
1929.2
1931.2
1933.2
1935.2
1937.2
1939.2
1941.2
1943.2
1945.2
1947.2
1949.2
1951.2
1953.2
1955.2
1957.2
1959.2
1961.2
1963.2
1965.2
1967.2
1969.2
1971.2
1973.2
1975.2
1977.2
1979.2
1981.2
1983.2
1985.2
1987.2
1989.2
1991.2
